5 0.9175
10 0.9038
15 0.8935
20 0.8809
25 0.8793
30 0.8690
35 0.8701
40 0.8676
45 0.8699
50 0.8651
55 0.8659
60 0.8608
65 0.8493
70 0.8491
75 0.8529
80 0.8499
85 0.8452
90 0.8367
95 0.8339
100 0.8352
105 0.8332
110 0.8294
115 0.8353
120 0.8302
125 0.8270
130 0.8269
135 0.8198
140 0.8228
145 0.8128
150 0.8163
155 0.8191
160 0.8070
165 0.8086
170 0.8133
175 0.8094
180 0.8101
185 0.8027
190 0.8144
195 0.8032
200 0.7978
205 0.8048
210 0.7995
215 0.8045
220 0.8017
225 0.7994
230 0.7925
235 0.7956
240 0.7904
245 0.7878
250 0.7939
255 0.7888
260 0.7850
265 0.7894
270 0.7876
275 0.7916
280 0.7840
285 0.7849
290 0.7846
295 0.7848
300 0.7800
305 0.7759
310 0.7739
315 0.7713
320 0.7765
325 0.7675
330 0.7791
335 0.7746
340 0.7732
345 0.7680
350 0.7631
355 0.7628
360 0.7667
365 0.7663
370 0.7665
375 0.7730
380 0.7666
385 0.7674
390 0.7716
395 0.7633
400 0.7607
405 0.7603
410 0.7576
415 0.7566
420 0.7566
425 0.7595
430 0.7534
435 0.7561
440 0.7550
445 0.7576
450 0.7524
455 0.7495
460 0.7544
465 0.7549
470 0.7504
475 0.7527
480 0.7492
485 0.7435
490 0.7452
495 0.7487
500 0.7579