5 0.8852
10 0.8934
15 0.8840
20 0.8748
25 0.8599
30 0.8539
35 0.8424
40 0.8383
45 0.8272
50 0.8269
55 0.8260
60 0.8263
65 0.8280
70 0.8357
75 0.8329
80 0.8365
85 0.8348
90 0.8340
95 0.8316
100 0.8313
105 0.8384
110 0.8325
115 0.8369
120 0.8297
125 0.8361
130 0.8345
135 0.8341
140 0.8264
145 0.8362
150 0.8237
155 0.8247
160 0.8216
165 0.8187
170 0.8227
175 0.8146
180 0.8180
185 0.8109
190 0.8141
195 0.8094
200 0.8100
205 0.8117
210 0.8026
215 0.8034
220 0.8008
225 0.8053
230 0.7976
235 0.8078
240 0.7983
245 0.7962
250 0.7932
255 0.7986
260 0.7984
265 0.7962
270 0.7943
275 0.7945
280 0.7878
285 0.7968
290 0.7940
295 0.7912
300 0.7850
305 0.7774
310 0.7861
315 0.7754
320 0.7833
325 0.7719
330 0.7728
335 0.7805
340 0.7772
345 0.7808
350 0.7670
355 0.7760
360 0.7697
365 0.7760
370 0.7686
375 0.7745
380 0.7755
385 0.7643
390 0.7673
395 0.7698
400 0.7715
405 0.7724
410 0.7748
415 0.7692
420 0.7604
425 0.7652
430 0.7624
435 0.7672
440 0.7657
445 0.7680
450 0.7656
455 0.7653
460 0.7558
465 0.7587
470 0.7565
475 0.7583
480 0.7612
485 0.7682
490 0.7686
495 0.7641
500 0.7615