5 0.8065
10 0.8664
15 0.8812
20 0.8830
25 0.8717
30 0.8624
35 0.8551
40 0.8439
45 0.8304
50 0.8221
55 0.8150
60 0.7976
65 0.7898
70 0.7812
75 0.7874
80 0.7715
85 0.7713
90 0.7671
95 0.7624
100 0.7500
105 0.7652
110 0.7688
115 0.7662
120 0.7718
125 0.7692
130 0.7720
135 0.7715
140 0.7761
145 0.7764
150 0.7787
155 0.7816
160 0.7820
165 0.7880
170 0.7870
175 0.7959
180 0.7860
185 0.7863
190 0.7898
195 0.7890
200 0.7964
205 0.7914
210 0.7928
215 0.8053
220 0.7937
225 0.8000
230 0.8068
235 0.8035
240 0.8022
245 0.8071
250 0.8018
255 0.8003
260 0.8092
265 0.8080
270 0.8073
275 0.8050
280 0.8107
285 0.8068
290 0.8070
295 0.8085
300 0.8100
305 0.8052
310 0.8057
315 0.8060
320 0.8016
325 0.8074
330 0.8072
335 0.8048
340 0.8020
345 0.8092
350 0.8038
355 0.8088
360 0.8067
365 0.8072
370 0.7999
375 0.8033
380 0.8048
385 0.8031
390 0.8039
395 0.8068
400 0.8088
405 0.8052
410 0.8010
415 0.7977
420 0.7988
425 0.7980
430 0.8036
435 0.8004
440 0.7967
445 0.8036
450 0.7940
455 0.8013
460 0.7984
465 0.7932
470 0.7927
475 0.7922
480 0.7970
485 0.7930
490 0.7904
495 0.7882
500 0.7880