5 0.7088
10 0.8033
15 0.8435
20 0.8585
25 0.8628
30 0.8670
35 0.8695
40 0.8688
45 0.8606
50 0.8581
55 0.8547
60 0.8512
65 0.8430
70 0.8381
75 0.8324
80 0.8180
85 0.8150
90 0.8029
95 0.7940
100 0.7892
105 0.7770
110 0.7732
115 0.7596
120 0.7500
125 0.7423
130 0.7296
135 0.7304
140 0.7316
145 0.7148
150 0.7114
155 0.7088
160 0.7019
165 0.6958
170 0.6954
175 0.6860
180 0.6790
185 0.6746
190 0.6804
195 0.6715
200 0.6728
205 0.6772
210 0.6724
215 0.6692
220 0.6729
225 0.6666
230 0.6720
235 0.6774
240 0.6739
245 0.6780
250 0.6799
255 0.6815
260 0.6752
265 0.6773
270 0.6822
275 0.6820
280 0.6751
285 0.6877
290 0.6830
295 0.6875
300 0.6910
305 0.6980
310 0.6866
315 0.6951
320 0.6984
325 0.7057
330 0.7012
335 0.6959
340 0.6986
345 0.7048
350 0.7054
355 0.7132
360 0.7091
365 0.7115
370 0.7198
375 0.7237
380 0.7218
385 0.7192
390 0.7268
395 0.7203
400 0.7250
405 0.7261
410 0.7283
415 0.7344
420 0.7362
425 0.7426
430 0.7301
435 0.7369
440 0.7388
445 0.7318
450 0.7339
455 0.7414
460 0.7420
465 0.7365
470 0.7428
475 0.7506
480 0.7488
485 0.7481
490 0.7480
495 0.7522
500 0.7453