5 0.5200
10 0.6966
15 0.7420
20 0.7960
25 0.8186
30 0.8318
35 0.8440
40 0.8537
45 0.8551
50 0.8578
55 0.8650
60 0.8589
65 0.8629
70 0.8641
75 0.8639
80 0.8622
85 0.8587
90 0.8592
95 0.8585
100 0.8478
105 0.8457
110 0.8440
115 0.8423
120 0.8384
125 0.8372
130 0.8372
135 0.8285
140 0.8277
145 0.8172
150 0.8188
155 0.8107
160 0.8056
165 0.7982
170 0.7979
175 0.7892
180 0.7780
185 0.7801
190 0.7701
195 0.7704
200 0.7640
205 0.7612
210 0.7457
215 0.7398
220 0.7320
225 0.7334
230 0.7226
235 0.7282
240 0.7151
245 0.7110
250 0.7012
255 0.6939
260 0.6856
265 0.6923
270 0.6813
275 0.6741
280 0.6642
285 0.6636
290 0.6652
295 0.6524
300 0.6473
305 0.6380
310 0.6268
315 0.6404
320 0.6147
325 0.6157
330 0.6108
335 0.6114
340 0.6156
345 0.6025
350 0.6015
355 0.6019
360 0.5929
365 0.5884
370 0.6011
375 0.5788
380 0.5864
385 0.5813
390 0.5768
395 0.5735
400 0.5763
405 0.5656
410 0.5652
415 0.5784
420 0.5552
425 0.5721
430 0.5577
435 0.5605
440 0.5546
445 0.5636
450 0.5488
455 0.5488
460 0.5604
465 0.5468
470 0.5612
475 0.5629
480 0.5596
485 0.5544
490 0.5456
495 0.5485
500 0.5471
