5 0.6877
10 0.7855
15 0.8388
20 0.8529
25 0.8612
30 0.8666
35 0.8690
40 0.8656
45 0.8639
50 0.8636
55 0.8551
60 0.8493
65 0.8424
70 0.8323
75 0.8286
80 0.8182
85 0.8152
90 0.8023
95 0.7952
100 0.7903
105 0.7778
110 0.7609
115 0.7693
120 0.7544
125 0.7364
130 0.7420
135 0.7311
140 0.7192
145 0.7173
150 0.6995
155 0.7050
160 0.6940
165 0.6980
170 0.6884
175 0.6954
180 0.6876
185 0.6874
190 0.6733
195 0.6780
200 0.6746
205 0.6793
210 0.6812
215 0.6668
220 0.6787
225 0.6792
230 0.6696
235 0.6726
240 0.6746
245 0.6705
250 0.6777
255 0.6815
260 0.6832
265 0.6840
270 0.6932
275 0.6858
280 0.6819
285 0.6933
290 0.6937
295 0.6888
300 0.6878
305 0.6941
310 0.6880
315 0.7013
320 0.6935
325 0.6942
330 0.7088
335 0.7089
340 0.7087
345 0.7057
350 0.7176
355 0.7118
360 0.7078
365 0.7144
370 0.7148
375 0.7181
380 0.7167
385 0.7212
390 0.7240
395 0.7253
400 0.7224
405 0.7236
410 0.7276
415 0.7296
420 0.7303
425 0.7345
430 0.7351
435 0.7287
440 0.7397
445 0.7344
450 0.7399
455 0.7406
460 0.7429
465 0.7430
470 0.7500
475 0.7460
480 0.7480
485 0.7441
490 0.7464
495 0.7549
500 0.7535