5 0.7928
10 0.8886
15 0.9142
20 0.9174
25 0.9262
30 0.9279
35 0.9319
40 0.9252
45 0.9268
50 0.9260
55 0.9205
60 0.9223
65 0.9148
70 0.9112
75 0.9025
80 0.9027
85 0.8955
90 0.8878
95 0.8909
100 0.8705
105 0.8769
110 0.8697
115 0.8624
120 0.8568
125 0.8479
130 0.8469
135 0.8380
140 0.8446
145 0.8357
150 0.8337
155 0.8275
160 0.8179
165 0.8178
170 0.8036
175 0.8239
180 0.8170
185 0.8104
190 0.7985
195 0.8093
200 0.8002
205 0.8055
210 0.8048
215 0.8110
220 0.8061
225 0.8099
230 0.8008
235 0.8009
240 0.8113
245 0.8080
250 0.8014
255 0.8095
260 0.8048
265 0.8040
270 0.8064
275 0.8144
280 0.8236
285 0.8147
290 0.8114
295 0.8102
300 0.8129
305 0.8171
310 0.8241
315 0.8207
320 0.8174
325 0.8278
330 0.8302
335 0.8323
340 0.8321
345 0.8329
350 0.8274
355 0.8270
360 0.8296
365 0.8304
370 0.8362
375 0.8372
380 0.8397
385 0.8371
390 0.8358
395 0.8376
400 0.8464
405 0.8445
410 0.8408
415 0.8488
420 0.8465
425 0.8464
430 0.8492
435 0.8442
440 0.8492
445 0.8430
450 0.8516
455 0.8532
460 0.8473
465 0.8504
470 0.8537
475 0.8526
480 0.8568
485 0.8512
490 0.8540
495 0.8563
500 0.8555