5 0.8610
10 0.9172
15 0.9351
20 0.9461
25 0.9506
30 0.9528
35 0.9528
40 0.9515
45 0.9484
50 0.9461
55 0.9473
60 0.9428
65 0.9442
70 0.9395
75 0.9382
80 0.9317
85 0.9308
90 0.9228
95 0.9239
100 0.9207
105 0.9176
110 0.9034
115 0.9053
120 0.9022
125 0.9024
130 0.8964
135 0.8940
140 0.8865
145 0.8865
150 0.8799
155 0.8765
160 0.8714
165 0.8784
170 0.8729
175 0.8649
180 0.8702
185 0.8651
190 0.8636
195 0.8647
200 0.8657
205 0.8608
210 0.8502
215 0.8588
220 0.8700
225 0.8544
230 0.8634
235 0.8592
240 0.8608
245 0.8577
250 0.8602
255 0.8684
260 0.8641
265 0.8588
270 0.8709
275 0.8688
280 0.8686
285 0.8667
290 0.8700
295 0.8727
300 0.8686
305 0.8696
310 0.8724
315 0.8735
320 0.8687
325 0.8768
330 0.8710
335 0.8799
340 0.8784
345 0.8760
350 0.8783
355 0.8826
360 0.8800
365 0.8801
370 0.8759
375 0.8865
380 0.8832
385 0.8843
390 0.8910
395 0.8870
400 0.8902
405 0.8868
410 0.8957
415 0.8865
420 0.8911
425 0.8897
430 0.8910
435 0.8905
440 0.8921
445 0.8918
450 0.8949
455 0.8892
460 0.8966
465 0.8968
470 0.8911
475 0.8964
480 0.8882
485 0.9011
490 0.8996
495 0.8976
500 0.8970