5 0.9047
10 0.9403
15 0.9536
20 0.9618
25 0.9641
30 0.9628
35 0.9603
40 0.9647
45 0.9650
50 0.9630
55 0.9598
60 0.9565
65 0.9561
70 0.9515
75 0.9514
80 0.9493
85 0.9447
90 0.9448
95 0.9387
100 0.9368
105 0.9361
110 0.9252
115 0.9291
120 0.9190
125 0.9184
130 0.9177
135 0.9116
140 0.9142
145 0.9086
150 0.9054
155 0.8996
160 0.8993
165 0.9049
170 0.9067
175 0.8928
180 0.8934
185 0.9016
190 0.8914
195 0.8943
200 0.8931
205 0.8893
210 0.8818
215 0.8890
220 0.8889
225 0.8903
230 0.8838
235 0.8892
240 0.8936
245 0.8880
250 0.8900
255 0.8935
260 0.8889
265 0.8875
270 0.8896
275 0.8963
280 0.8977
285 0.8950
290 0.8912
295 0.9004
300 0.9002
305 0.8976
310 0.9024
315 0.9005
320 0.9062
325 0.9053
330 0.9024
335 0.9029
340 0.9102
345 0.9096
350 0.9060
355 0.9150
360 0.9048
365 0.9101
370 0.9085
375 0.9127
380 0.9057
385 0.9155
390 0.9075
395 0.9149
400 0.9073
405 0.9131
410 0.9136
415 0.9164
420 0.9139
425 0.9156
430 0.9120
435 0.9167
440 0.9200
445 0.9187
450 0.9213
455 0.9205
460 0.9211
465 0.9168
470 0.9217
475 0.9233
480 0.9228
485 0.9216
490 0.9226
495 0.9229
500 0.9194