5 0.9061
10 0.9510
15 0.9627
20 0.9682
25 0.9691
30 0.9686
35 0.9707
40 0.9686
45 0.9686
50 0.9681
55 0.9640
60 0.9634
65 0.9645
70 0.9640
75 0.9596
80 0.9562
85 0.9592
90 0.9551
95 0.9522
100 0.9454
105 0.9463
110 0.9433
115 0.9383
120 0.9385
125 0.9339
130 0.9333
135 0.9307
140 0.9313
145 0.9315
150 0.9250
155 0.9237
160 0.9219
165 0.9145
170 0.9173
175 0.9215
180 0.9188
185 0.9162
190 0.9200
195 0.9160
200 0.9075
205 0.9072
210 0.9185
215 0.9061
220 0.9149
225 0.9054
230 0.9120
235 0.9106
240 0.9129
245 0.9136
250 0.9086
255 0.9120
260 0.9079
265 0.9161
270 0.9100
275 0.9111
280 0.9120
285 0.9136
290 0.9170
295 0.9123
300 0.9213
305 0.9190
310 0.9188
315 0.9215
320 0.9182
325 0.9219
330 0.9250
335 0.9270
340 0.9189
345 0.9213
350 0.9263
355 0.9227
360 0.9226
365 0.9268
370 0.9240
375 0.9211
380 0.9267
385 0.9253
390 0.9309
395 0.9313
400 0.9277
405 0.9299
410 0.9317
415 0.9308
420 0.9300
425 0.9325
430 0.9301
435 0.9267
440 0.9339
445 0.9318
450 0.9314
455 0.9357
460 0.9314
465 0.9366
470 0.9319
475 0.9386
480 0.9387
485 0.9310
490 0.9368
495 0.9358
500 0.9316